0 0.134212 0.158398 0.150831 0.256101
1 0.522805 0.164419 0.142251 0.239242
2 0.139406 0.465880 0.147670 0.268947
15 0.336299 0.835421 0.153992 0.274566
11 0.705022 0.177264 0.147218 0.244059
14 0.700732 0.518064 0.153992 0.257707
13 0.105536 0.812299 0.154895 0.271355
7 0.894689 0.184489 0.142702 0.245665
5 0.341492 0.157193 0.146315 0.248876
6 0.702990 0.827553 0.154895 0.271355
4 0.888593 0.837990 0.154895 0.271355
16 0.352104 0.499037 0.153992 0.274566
8 0.521902 0.497431 0.153992 0.274566
10 0.517160 0.853163 0.147218 0.276333
12 0.881593 0.504335 0.156250 0.262685
